-0.02222222222224532
0.0873015873015642
-0.11746031746034055
0.011111111111088014
3.5825396825396596
421.03492063492064
520.5539682539683
6.0396825396825164
5.930158730158707
6.068253968253945
1072.1587301587301
1358.306349206349
250.80634920634918
49.44444444444442
123.79682539682537
1432.9873015873015
2087.9206349206347
2384.430158730159
2570.692063492064
2839.1063492063495
2871.3920634920637
1216.7634920634919
12.820634920634898
11.496825396825374
10.720634920634897
9.592063492063469
9.201587301587278
8.839682539682517
8.458730158730136
8.134920634920611
8.149206349206326
7.8349206349206115
